DST2301*01PPX120   -23 -21 -23 -26 -26 -23 -19 -17 -16 -15 -19 -19 -17 -16 -20 -18 -19 -16 -19 -23 -24 -19 -12 -17 -19
DST2301*02PPX120   -17 -20 -20 -18 -15 -20 -18 -13  -9  -6  -8 -13 -10 -10 -15 -13 -15 -15 -11  -8  -9 -10  -8  -9 -13
DST2301*03PPX120    -8 -10 -13 -12  -6  -5  -5  -3  -4  -5  -2  -6  -9 -10  -9 -10 -13 -15 -16 -14  -7   3  11   0  -7
DST2301*04PPX120    -8  -5 -13 -27 -36 -39 -45 -54 -58 -61 -50 -46 -42 -39 -29 -15 -10  -8  -7  -2  -2  -1  -2  -2 -25
DST2301*05PPX120     1   1  -1   2   8  10  11  14  16  13  11   9   1  -4 -10  -8 -15 -18 -20 -22 -24 -26 -26 -22  -4
DST2301*06PPX120   -19 -16 -17 -18 -20 -21 -17 -12 -11  -9  -8  -9  -9  -8  -8  -8  -8 -10  -9  -8  -2   0   3   3 -10
DST2301*07PPX120     2  -1  -3  -3  -3  -4  -1   2   4   6   5   2   1   2   4   6   6  -2  -3  -1   1   1   3   3   1
DST2301*08PPX120     3  -3  -9 -11 -16 -19 -15  -3   6   7   7  -3  -6  -9  -8  -8 -11 -11  -8  -1   3   5   4   0  -4
DST2301*09PPX120    -3  -3  -5  -3   3   5   4   4   3   4   7   9   8   4   2   2  -1  -2  -6  -9  -5  -2  -2   1   1
DST2301*10PPX120     2   1   1   4   7   9   9  10  12  12  13  10   9  11  12   3  -2  -4  -5  -5  -2  -3  -3  -5   4
DST2301*11PPX120    -6  -8  -6  -3  -2  -7  -3  -2   3   8   4  -7  -6  -5  -4   1   3   2  -2  -3  -3  -3  -4  -9  -3
DST2301*12PPX120    -7   0   4   4   6   5   3   2  -1   2   1   0   3   4   4   5   3   0  -2  -3  -6  -6 -11 -12   0
DST2301*13PPX120   -14 -12  -7  -4  -2  -2  -9 -11 -10 -17 -23 -24 -28 -23 -15 -11  -9  -9  -9  -5 -21 -27 -34 -37 -15
DST2301*14PPX120   -39 -37 -33 -32 -30 -30 -22 -20 -21 -22 -22 -24 -23 -22 -20 -15 -18 -21 -19 -21 -19 -22 -32 -42 -25
DST2301*15PPX120   -46 -38 -34 -35 -36 -37 -39 -29 -39 -49 -39 -45 -51 -57 -50 -38 -42 -40 -32 -35 -38 -42 -42 -32 -40
DST2301*16PPX120   -18 -10  -7 -14 -15 -14 -13 -16 -22 -27 -29 -30 -24 -18 -15 -17 -13 -12 -13 -14 -13 -16 -16 -14 -17
DST2301*17PPX120   -14 -12 -11 -10  -8  -4  -6  -5  -4  -1  -6  -9 -12 -12  -9  -6  -7  -8  -6  -2   2   5  18   3  -5
DST2301*18PPX120   -19 -24 -31 -30 -31 -25 -21 -14 -13 -12 -12 -14 -15 -18 -17 -13 -10 -13 -15 -15 -13 -15 -13 -14 -17
DST2301*19PPX120   -16 -16 -17 -13  -8  -9 -18 -22 -18 -10 -18 -21 -15 -11  -8  -7  -8 -12 -16 -16 -14  -9  -6  -8 -13
DST2301*20PPX120   -11 -12 -11  -7  -2  -1   0   1   1   0  -2  -2   4   3   1  -6 -10  -7  -5  -3  -3  -4  -1  -1  -3
DST2301*21PPX120     4  -1   0   1  -2 -18 -27 -18 -11 -19 -22 -19 -12  -7  -7  -6 -12 -14 -16 -12 -11 -10  -3  -3 -10
DST2301*22PPX120     0   1  -2  -4  -5  -7  -8  -7  -5 -11 -12 -13 -16 -12  -8  -8  -6 -10 -14 -10  -9 -12 -10 -13  -8
DST2301*23PPX120   -13 -12 -10  -3   7   6   6   5   2  -2  -1  -2  -5  -6  -7 -15 -24 -27 -24 -21 -23 -24 -16 -15  -9
DST2301*24PPX120   -12  -9  -6  -7  -6  -3  -3  -5  -5  -6  -8  -9  -8  -9  -7  -4  -5  -4  -4  -2   0   2   1   0  -5
DST2301*25PPX120    -1  -2  -3  -3  -1   2   3   4   4   2   1  -7  -6  -8 -15 -17 -21 -13  -3  -1   3   2   2  -3  -3
DST2301*26PPX120    -5   0   2   1   3   7   6   5   1  -3 -11 -12  -4  -3   0   3   1   0  -4  -1   0   0  -3  -8  -1
DST2301*27PPX120    -9 -10  -8  -6   0   3   1   1   0  -6 -16 -19 -10  -5  -7  -5  -4  -2   1   4   3   0   2  -3  -4
DST2301*28PPX120   -14 -21 -22 -15  -8 -10 -11  -8  -6  -5  -6  -7  -3   1   5   7   4   2   2   1   4   3   1  -1  -4
DST2301*29PPX120    -2  -1  -1   2   3   2   4   4   3   5   3   3   4   5   1  -4  -1   3   5   4   4   5   8   7   3
DST2301*30PPX120     8   9   9   7   7   7   6   6   8   7   6   8   8  12  18  23  24  22  23  25  17   6   1   0  11
DST2301*31PPX120    -1   1   4   7   3  -3  -6  -9 -11 -13  -9   0   3   4   0  -6 -11 -15 -20 -20 -16 -16 -10  -9  -6
DST2302*01PPX120   -19 -19 -16 -10 -10  -8  -5  -5  -3   1   5   6   7  11  15  14  14  14   9  -2 -14 -12 -15 -16  -2
DST2302*02PPX120   -21 -23 -20 -15 -13 -11 -10  -7  -2   0  -2  -2  -1  -1  -3  -6  -9 -10  -8  -6  -5  -2  -2  -2  -8
DST2302*03PPX120     4   3   0   0  -1   3   5   4   6   9  13  15  18  16  12   7  -3 -10 -18 -24 -17 -11  -6  -4   1
DST2302*04PPX120    -3  -4  -3  -3  -5  -8 -11 -12 -11  -9  -9  -8  -8  -9  -8  -7  -5  -6  -5  -2   0   1   2   0  -6
DST2302*05PPX120     0   1   2   2   1   4   6   6   5   7  11  12  13  11  13  16  14  12  13  16  17  20  24  26  11
DST2302*06PPX120    23  11   7   5   3  -1  -5   2   3 -11 -17  -7  -1  -4  -6  -7  -5  -4  -3  -4  -2 -13 -13 -10  -2
DST2302*07PPX120   -18 -17 -15 -18 -27 -27 -22 -17 -24 -21 -23 -27 -25 -23 -26 -30 -30 -29 -29 -26 -21 -20 -20 -20 -23
DST2302*08PPX120   -19 -23 -18 -16 -21 -20 -14  -8  -7 -13 -11 -17 -18 -19 -17 -16 -13 -17 -16 -17 -15 -14 -14 -15 -16
DST2302*09PPX120   -21 -21 -22 -18 -28 -20 -19 -18 -24 -25 -21 -22 -24 -24 -23 -19 -20 -18 -14 -18 -26 -37 -38 -31 -23
DST2302*10PPX120   -36 -43 -47 -43 -39 -35 -31 -31 -24 -17 -19 -19 -20 -27 -22 -18 -20 -20 -21 -21 -23 -23 -24 -32 -27
DST2302*11PPX120   -31 -32 -29 -27 -26 -19 -13 -11 -15 -26 -31 -24 -18 -15 -14 -15 -12 -12 -11 -11  -9  -8 -11 -12 -18
DST2302*12PPX120   -16 -19 -22 -19 -22 -20 -17 -14 -10 -11 -12 -10  -9  -7  -8 -11 -12 -12 -12 -11 -11 -14 -14 -12 -14
DST2302*13PPX120   -12  -8  -8  -5  -3  -2   1   2   3   2   2   3   7   6   3   4  10  11  13  10   8   1  -2  -3   2
DST2302*14PPX120    -1   7   8   6   5   7  11   6   3   0   1   6   3  -3  -5  -6  -7  -9 -10  -7  -3  -5  -9  -4   0
DST2302*15PPX120   -10  -9  -9  -4  -2  -3 -20 -38 -49 -50 -52 -55 -58 -64 -67 -64 -69 -72 -67 -67 -69 -71 -69 -48 -45
DST2302*16PPX120   -41 -28 -24 -18 -19 -29 -53 -50 -38 -38 -42 -37 -27 -35 -52 -52 -53 -45 -42 -42 -39 -37 -36 -32 -38
DST2302*17PPX120   -31 -29 -31 -36 -36 -30 -26 -26 -26 -25 -20 -18 -20 -21 -22 -22 -18 -19 -20 -19 -16 -14 -15 -17 -23
DST2302*18PPX120   -17 -17 -15 -13 -16 -12 -10  -7  -4  -4  -3  -1  -3  -4  -5  -3  -1  -3  -6 -13 -10 -10  -8 -11  -8
DST2302*19PPX120   -12 -10  -9  -7  -7  -7  -7  -4   0   0  -4  -9  -7  -5  -5 -10 -11  -8  -8 -12 -10 -10 -10  -9  -8
DST2302*20PPX120    -5  -4  -3   0   1   2   4   6   9  10  15  19  13  14  14   7  10   3   1  -4  -7  -3   0   4   4
DST2302*21PPX120     4  -2  -5  -1  -1  -8  -9 -16 -25 -40 -47 -50 -39 -30 -22 -23 -25 -24 -23 -21 -18 -15 -13 -13 -19
DST2302*22PPX120    -7  -4  -4  -6  -9  -6  -5  -3  -4  -5  -7 -10 -20 -15 -11 -15 -12 -13 -12 -15 -15 -13  -7  -1  -9
DST2302*23PPX120     4   0  -9  -2  -6 -13 -12 -15 -18 -16 -19 -25 -18 -15 -13 -20 -24 -27 -21 -25 -26 -26 -18 -12 -16
DST2302*24PPX120   -13  -8  -1   3   5   3   1   0   0   3   0  -5 -10  -6  -2  -2  -1  -3  -4  -4  -2  -5  -9  -9  -3
DST2302*25PPX120   -10  -9  -5  -4  -4  -4  -4  -2  -4  -3  -2   4   6  11   8   1  -3 -10 -20 -30 -34 -35 -26 -31  -9
DST2302*26PPX120   -27 -18 -14 -14  -4   0   3   9   4  -7 -17 -14 -12  -7  -4  -7  -1   2   2  17   4 -38 -65 -56 -11
DST2302*27PPX120   -53 -59 -67 -61 -51 -71 -86 -84 -94 -109 -99 -110 -132 -105 -84 -83 -96 -108 -96 -84 -92 -111 -109 -104 -90
DST2302*28PPX120   -99 -100 -96 -91 -84 -80 -77 -78 -72 -73 -69 -60 -55 -56 -55 -54 -53 -53 -51 -56 -59 -53 -53 -50 -68
DST2303*01PPX120   -29 -27 -22 -20 -20 -24 -23 -23 -24 -16 -14  -9  -8  -8 -12 -11 -13 -10  -4   2   3   2   3   3 -13
DST2303*02PPX120     5   3   3   0   2   0  -6  -8 -12 -12  -9  -4   0   4  -3  -3   2   2  -2 -12 -21 -31 -36 -39  -7
DST2303*03PPX120   -33 -27 -19 -17 -17 -21 -28 -27 -21 -22 -29 -23 -22 -30 -24 -20 -13 -12  -8 -13 -13 -12 -10 -15 -20
DST2303*04PPX120   -20  -9   1   0  -3  -5 -10 -19 -21 -19 -17 -13 -15 -10  -7  -7  -6  -6  -4  -7  -6  -8 -12  -4  -9
DST2303*05PPX120     0   3   7   5   3   1  -1  -4 -12 -21 -25 -16 -14 -19 -19 -22 -18 -18 -19 -23 -24 -22 -23 -25 -13
DST2303*06PPX120   -25 -19 -15 -10 -12 -10  -8 -11  -9  -8  -9  -4  -2  -4  -5  -7 -13  -8  -4 -13 -17 -17 -18 -16 -11
DST2303*07PPX120   -11  -5  -6  -7  -5  -5 -12 -12 -20 -25 -22 -18 -10 -10 -12  -9  -6  -6  -4  -3  -6 -10 -12  -8 -10
DST2303*08PPX120    -3   2   9  11   7   0  -5  -6  -6  -7 -10  -6   0   1  -2  -3  -2   2  -1  -3  -9  -4  -5  -8  -2
DST2303*09PPX120    -4   1   2  -1  -3  -1  -8 -20 -35 -36 -23 -15 -19 -14 -12  -9  -7  -2  -5  -5 -13 -16 -22 -24 -12
DST2303*10PPX120   -17 -12  -3  -2   1   5   3   0   0   8   9   7   5   6   2   1  -5 -15 -17 -15  -9  -7 -15 -18  -4
DST2303*11PPX120   -22 -25 -20 -17 -15 -12 -12  -8  -3   1  -2  -5  -3  -1  -1   1   4   6   9   6   7   8   7   6  -4
DST2303*12PPX120     4   2   3   8   8   9   7  10   0  -2   1   6  12   9   7   8   8   9  10  12  11  12  12  15   8
DST2303*13PPX120    16  17  20  21  21  20  18  19  17  16  15  14  14  17  19  21  22  25  28  30  32  33  32  30  22
DST2303*14PPX120    28  27  18  11   5  13  13   6   9  15   8   2  -2  -3  -3 -10  -7  -8  -9  -8 -11 -16  -9 -20   2
DST2303*15PPX120   -28 -31 -27 -23  -5   5  -8  -9 -21 -13 -15 -13  -5  -4  -8  -7  -4   1   6   4   3  -4 -39 -34 -12
DST2303*16PPX120   -12 -14 -22 -24 -23 -23 -23 -20 -18 -16 -19 -16 -12 -10 -11 -10 -10 -10  -8  -9  -8  -8  -6  -7 -14
DST2303*17PPX120    -4  -1   1   2   1  -3  -3  -2  -4  -6  -2   2  -1  -8  -7  -3  -1   1   3   4   4   2   3   2  -1
DST2303*18PPX120    -2   0   5   6   6   1   0   4   4   3   5   5   5   7   8   7   4   4   0  -1  -5  -3   0   0   3
DST2303*19PPX120     3   8   7   5   4   1  -5  -1   3   8  13  16  16  13  10  10   9   7   7   0  -3   2   3  -2   6
DST2303*20PPX120    -2  -7  -2   6  11   9   7   9   9  12  12   8   6   0   3  -1  -7 -11  -3  -1  -1   1   0  -2   2
DST2303*21PPX120     3   8  12  16  17  17  17  18  14  15  17  15  17  17  15  11  11  12  14  14  12  11  10   7  13
DST2303*22PPX120    -1   2   7   4   2  -4  -4  -1  -4  -3  -4  -2   1   4   4   5   5   5   6   8  14  12  10   8   3
DST2303*23PPX120     9  10  12  14  14  20  23  24  20  12   3 -14 -35 -47 -50 -56 -56 -48 -44 -50 -73 -86 -102 -125 -26
DST2303*24PPX120  -135 -152 -163 -144 -142 -155 -143 -127 -132 -109 -101 -95 -86 -82 -78 -73 -74 -68 -64 -66 -68 -64 -69 -64 -102
DST2303*25PPX120   -56 -50 -43 -45 -45 -44 -43 -37 -39 -39 -42 -34 -32 -34 -33 -31 -28 -28 -26 -23 -23 -25 -29 -33 -36
DST2303*26PPX120   -33 -29 -24 -20 -17 -22 -22 -17 -15 -15 -20 -20 -18 -16 -16 -15 -14 -14 -15 -14 -14 -15 -18 -19 -18
DST2303*27PPX120   -18 -19 -16 -14 -10  -9 -11 -10 -13 -11 -11 -11 -11  -8  -6  -4  -4  -4  -5  -6  -7  -9 -12 -12 -10
DST2303*28PPX120   -12 -15 -14 -13 -10  -9  -6  -4  -3  -3  -3  -5  -3   0  -2  -7  -9  -9 -11 -13 -11  -9  -9  -9  -8
DST2303*29PPX120    -9  -9  -3  -1   1   4   4   3   3   5   6   4   5   4   3   0   0  -4  -6  -4  -4  -3   0   4   0
DST2303*30PPX120    11  19  13  13   9   8   9   7  11  13   2   0  -4  -5  -8 -20 -23 -20 -15 -18 -14 -10 -16 -22  -3
DST2303*31PPX120   -17 -11 -14 -23 -23 -20 -18 -21 -25 -24 -20 -20 -18 -13 -17 -22 -21 -18 -17 -13  -9 -10  -9  -7 -17
DST2304*01PPX120   -21 -21 -20 -21 -21 -21 -18 -14 -10  -6 -13 -22 -18 -19 -22 -26 -28 -38 -33 -28 -22 -19 -22 -37 -22
DST2304*02PPX120   -44 -39 -30 -36 -36 -38 -39 -32 -33 -38 -36 -28 -29 -28 -28 -27 -27 -30 -29 -26 -24 -26 -26 -20 -31
DST2304*03PPX120   -24 -32 -30 -29 -28 -30 -30 -23 -19 -21 -17 -16 -17 -15 -20 -23 -24 -30 -33 -35 -28 -26 -25 -27 -25
DST2304*04PPX120   -32 -32 -21 -19 -24 -30 -33 -24 -19 -12  -8 -11 -10  -9  -8  -7  -8 -11 -12 -10 -16 -15 -19 -21 -17
DST2304*05PPX120   -24 -26 -23 -27 -29 -27 -25 -22 -21 -18 -16 -20 -17 -14 -12 -16 -22 -28 -23 -19 -20 -21 -19 -17 -21
DST2304*06PPX120   -16 -18 -17 -15 -13 -10  -6  -4  -7  -9 -13 -14  -9  -7  -7  -8 -10 -16 -19 -14  -5  -3  -4  -7 -10
DST2304*07PPX120   -18 -22 -21 -23 -28 -31 -31 -30 -26 -20 -20 -16 -14  -8  -7  -9  -9 -11  -8  -4  -9  -9  -8  -5 -16
DST2304*08PPX120    -7 -10  -9  -5  -7 -10 -14 -17 -21 -19 -14 -12 -10  -7  -6  -7  -6  -5  -2  -3  -3  -5  -7  -9  -9
DST2304*09PPX120   -16 -22 -17 -11  -9  -9  -8  -8  -7  -8  -9  -6  -7 -11 -10 -11 -10 -13 -13  -9  -8  -9  -5   1 -10
DST2304*10PPX120     2   0  -2  -4  -8 -13 -22 -30 -41 -38 -29 -22 -20 -13 -13 -15 -16 -14 -12 -10  -9 -11 -12  -9 -15
DST2304*11PPX120    -9  -9  -7  -2   1   2  -2  -8  -6  -1   0   1   0   1   1   1   1   0   1   2   6   5   3   2  -1
DST2304*12PPX120     0  -2  -2  -2  -1   1   2   5   5   8   6   6   8   8   8   5   7   6   6   7   7   9  10  12   5
DST2304*13PPX120     7   1  -6  -2   0   2   3   5   6   8   7   5   5   5   4   6   7   4   4   2   0   1   0  -1   3
DST2304*14PPX120    -3  -5   0   3   6   7  11  13  11   5  -1  -1   0  -1  -4  -4  -1  -4  -5  -2  -2   0   0  -2   1
DST2304*15PPX120    -5  -7  -1  -2  -5  -8  -5  -7 -14 -19 -21 -12  -6  -4  -9 -11  -9 -11 -15 -15 -16 -13  -8  -6 -10
DST2304*16PPX120    -5  -7  -7 -10 -11 -12  -9  -7  -5  -6  -3  -1  -1   0   3   6   7   6   5   4   3   3   2   2  -2
DST2304*17PPX120     3   5   6   9  10   9   8   7   6   2   0   1   1   1  -2  -5  -7  -5  -3  -2  -2  -1  -1  -2   2
DST2304*18PPX120     2   3   4   3   1   0   4   5   6   7   5   4   2   1  22  24  29  26  20  22   9   5  -3  -3   8
DST2304*19PPX120    -3  -4  -3  -2  -3  -1   3  12  13  11  -1 -14 -29 -35 -36 -29 -27 -25 -26 -22 -18 -15 -12 -10 -12
DST2304*20PPX120    -9  -6  -3  -5  -6  -4  -5   1  -2   0   0  -1  -3  -2  -2  -1  -2  -5  -5  -7  -8  -7  -5  -6  -4
DST2304*21PPX120    -6  -3   5   0  -1  -1   2   2  -3  -7  -8  -5  -1   0  -1  -6 -11 -17 -17 -16 -20 -29 -29 -27  -8
DST2304*22PPX120   -29 -29 -22 -19 -19 -21 -15  -9 -10  -9  -9  -8  -8  -6  -6  -8  -8  -9 -11 -12 -15 -11  -9  -9 -13
DST2304*23PPX120   -14 -15 -11 -11 -11 -12 -14 -10  -8 -13 -27 -30 -35 -33 -38 -49 -56 -61 -81 -109 -129 -165 -149 -140 -51
DST2304*24PPX120  -147 -146 -179 -199 -209 -213 -208 -180 -161 -157 -148 -125 -118 -118 -112 -99 -96 -89 -84 -73 -74 -71 -59 -56 -130
DST2304*25PPX120   -57 -56 -56 -57 -61 -63 -61 -58 -56 -52 -47 -43 -42 -43 -45 -49 -46 -41 -40 -35 -35 -43 -44 -42 -49
DST2304*26PPX120   -43 -41 -38 -44 -45 -45 -44 -42 -39 -35 -36 -31 -24 -28 -31 -32 -33 -36 -32 -35 -35 -31 -28 -25 -36
DST2304*27PPX120   -21 -19 -22 -28 -41 -45 -42 -49 -51 -45 -49 -35 -31 -33 -41 -43 -43 -37 -41 -36 -34 -34 -35 -36 -37
DST2304*28PPX120   -43 -41 -41 -42 -42 -51 -52 -51 -41 -35 -34 -26 -27 -25 -28 -30 -36 -38 -38 -36 -38 -37 -38 -38 -38
DST2304*29PPX120   -39 -36 -40 -39 -37 -35 -31 -28 -35 -34 -33 -35 -34 -35 -37 -34 -38 -43 -37 -38 -39 -43 -40 -36 -37
DST2304*30PPX120   -35 -37 -39 -39 -33 -37 -47 -39 -33 -31 -32 -28 -24 -20 -18 -20 -23 -24 -23 -21 -21 -18 -17 -15 -28
DST2305*01PPX120   -15 -20 -17 -12 -11 -15 -13 -19 -21 -19 -12 -13 -19 -18 -15 -11 -13 -15 -20 -25 -29 -30 -29 -28 -18
DST2305*02PPX120   -33 -35 -29 -21 -27 -34 -35 -32 -30 -33 -33 -26 -21 -19 -18 -18 -20 -21 -22 -23 -21 -19 -17 -13 -25
DST2305*03PPX120   -12 -12 -10  -4   0   0  -1  -2  -1  -2  -3  -1  -1  -3  -4  -9 -10  -7  -5  -5  -7  -5  -4  -2  -5
DST2305*04PPX120    -3  -8  -9  -7  -4  -5  -5   0   2   0  -2  -5  -8  -6  -8 -13 -11  -7  -8  -6  -4  -5  -4  -4  -5
DST2305*05PPX120    -4  -4  -4  -7  -7  -7  -6  -6  -3  -2   0   2   2   1  -2  -2  -4  -7  -7  -6  -4  -6  -9  -9  -4
DST2305*06PPX120    -9   2  14  -6 -37 -67 -61 -58 -58 -61 -49 -56 -49 -41 -38 -40 -45 -43 -38 -42 -39 -39 -30 -29 -38
DST2305*07PPX120   -28 -29 -24 -18 -16 -17 -21 -22 -16  -7   0   3   6   9  25  29   6   6   4   7   4   6   4  -3  -4
DST2305*08PPX120    -3 -18 -21  -7  -6 -12 -16 -19 -20 -18 -13 -10 -13 -12   2 -21 -29 -20 -19 -19 -19 -24 -22 -28 -16
DST2305*09PPX120   -27 -29 -25 -22 -16 -20 -18 -15 -10  -8  -3   2   2  -6  -8 -14 -16 -18 -15  -9 -11 -12  -8  13 -12
DST2305*10PPX120     4   5   5  40  19   8   5  10  10   5  17  11   9   0   2  -6  -3  -8  -8 -10 -15 -18 -19 -14   2
DST2305*11PPX120   -11 -12 -10  -5  -5  -9  -7  -7  -6  -3  -2  -6  -2   0  -3  -7  -8  -7  -7  -7 -12  -9   2   5  -6
DST2305*12PPX120     8  10  10   8   2  -5   3  17  21  13  17  14  12  19  16  10   7  -2  -8 -16 -15 -11  -4  -3   5
DST2305*13PPX120     2   5   6   8   9   3   1  -3  -2  -5   0   0  -3  -1   1   6  13   8   3   1  -9 -22 -19 -14  -1
DST2305*14PPX120   -15 -17 -15  -6  -1   2   3   1  -1   0   3   2   1   3   5   7   4 -14 -24 -23 -20 -17  -8  -2  -6
DST2305*15PPX120    -1  -2  -2   1   3   2   3   1   2   4   5   5   4   4   0  -1  -3  -6  -6  -2   2   8  11   9   2
DST2305*16PPX120     5   3  -2  -5  -1   6   0  -1   0   3   1   0  -2   1   1   2  -1  -2  -2  -3  -3   0   0  -2   0
DST2305*17PPX120     3   6   6   9   8   7   5   4   5   5   4   3   4   4   5   6   7   6   6   5   3   5   9   9   6
DST2305*18PPX120     8   4   6  10  13  13  10  10   6   4   4   5   5   5   7  10  11  10  10   8   8   9   8   7   8
DST2305*19PPX120     8  10  14  20  20  17  15  16  13  13  19  18  18  18  21  26  25  17  12  17  31  30  16 -10  17
DST2305*20PPX120   -17 -27 -39 -43 -35 -37 -53 -56 -43 -43 -51 -57 -46 -44 -54 -53 -56 -52 -45 -44 -40 -35 -35 -35 -43
DST2305*21PPX120   -29 -25 -27 -20 -19 -23 -21 -20 -19 -16  -9 -10 -16 -19 -15 -18 -19  -8  -5 -16 -34 -34 -36 -38 -21
DST2305*22PPX120   -35 -39 -40 -38 -35 -33 -29 -26 -25 -15 -19 -19 -14 -12  -8  -3  -7 -15 -14 -15 -16 -15 -25 -30 -22
DST2305*23PPX120   -27 -24 -19 -14 -15 -12 -11 -10 -13 -12  -5  -4  -7  -9  -8  -6  -5  -7 -10 -11 -14 -16 -10  -9 -12
DST2305*24PPX120    -7 -15 -16 -12  -8 -13 -10  -5  -3  -2   0  -3 -11 -18 -14  -8  -9 -15 -16 -17 -17 -16 -15 -16 -11
DST2305*25PPX120   -17 -20 -16  -9 -11 -12 -10 -15  -8 -16 -14 -11 -18 -16 -11 -12 -16 -17 -16 -16 -15 -16 -15 -14 -14
DST2305*26PPX120    -9 -11 -13  -9 -10 -14 -11 -12 -11 -14 -13 -11 -11  -9  -9 -11 -10 -10 -10 -11 -11 -11  -9  -6 -11
DST2305*27PPX120    -7 -10 -10  -7  -6 -10 -10  -6  -2  -5  -6  -7  -9 -11  -9  -6  -4  -5 -10 -13 -13 -10 -11 -14  -8
DST2305*28PPX120   -12 -15 -15 -11 -13 -15 -12 -19 -22 -25 -26 -27 -28 -32 -29 -26 -25 -23 -19 -19 -17 -15 -12  -9 -19
DST2305*29PPX120    -8 -10 -12 -11  -9  -7  -3   0   0   3   2  -1  -2   1   2   4   5   4   2   1   1   0   0   5  -1
DST2305*30PPX120     8   8   8   9   7   4   5   8   6   4   7   8   5   6  10  15  16  13  10   6   1  -2  -1  -3   7
DST2305*31PPX120    -6  -8   2   5   5   6   5   0   0   6   4   2  -2  -4  -1  -5  -5  -3  -5  -5  -9 -17 -15  -7  -2
DST2306*01PPX120   -19 -15 -19 -21 -27 -22 -15 -21 -33 -30 -26 -19 -20 -27 -33 -43 -42 -45 -45 -36 -29 -27 -22 -20 -27
DST2306*02PPX120   -20 -25 -24 -18 -16 -17 -15 -10 -10 -13 -13 -13 -15 -17 -15 -17 -17 -16 -13 -11 -12 -15 -14 -10 -15
DST2306*03PPX120    -9  -8  -7  -4  -3  -2  -5  -8 -10  -8  -5  -5  -3  -2  -2  -3  -2  -2  -3  -3  -1  -1   0   2  -4
DST2306*04PPX120     5  13  19  21  16  12  10   6   2   4   3   1  -5  -2   2   1   2   6   4  -8 -15 -16 -13 -13   2
DST2306*05PPX120   -14 -16 -13 -11 -11 -10  -8  -7  -6  -1  -3  -1  -1  -2  -1  -1   1   3   2   4   1   3   1   1  -4
DST2306*06PPX120     6   6  -1  -7  -4  -1  -2  -5  -4  -7  -7  -4  -3  -8  -9 -10  -8  -7  -8  -7  -5  -6  -7  -8  -5
DST2306*07PPX120    -6  -4  -4  -1  -1  -3  -1   2   1  -4  -4  -4  -6  -3  -1  -2  -2   0   1   1   0  -2  -2   0  -2
DST2306*08PPX120    -1  -2   1   5   4   4   1  -2  -5  -8  -8  -9  -9  -8  -5  -7  -5  -2  -2  -1   1   4   6   4  -2
DST2306*09PPX120     3   1  -1  -4  -5  -6  -5  -4  -1   0   2   2   3   4   6   9   8   5   4   3   3   4   4   1   2
DST2306*10PPX120    -2  -2   2   4   6   6   7   7   8   8   7   7   7   5   2   1   0   0   2   6  11  14  15  15   6
DST2306*11PPX120    11  14  14  15  13  10  12  18  22  24  22  18  15  15  13  11   9   1   0   1   4   3   8  10  12
DST2306*12PPX120     6   5   2   2   1   0   1   4   2   2   5   4   2   1  -5  -5  -5  -5  -5  -4   1   2   1  -3   0
DST2306*13PPX120    -4  -3  -1   1   0   1   2   1   3   4   5   3   4   3   3   1  -1  -7  -6  -4  -1  -2  -1  -1   0
DST2306*14PPX120    -4  -9 -11  -6  -4  -3  -2   0   1   3   3   3   1  -2  -1  -2  -2  -4  -5  -5  -3  -2  -1   0  -2
DST2306*15PPX120     1   0   2   1  -3  -3  -4  -6   1   4   7   4   4  20  19  19  -1 -11 -29 -35 -41 -37 -35 -41  -7
DST2306*16PPX120   -41 -45 -45 -54 -53 -61 -65 -59 -68 -72 -57 -52 -48 -51 -52 -59 -60 -58 -58 -57 -56 -49 -44 -42 -54
DST2306*17PPX120   -36 -35 -36 -34 -34 -38 -38 -35 -35 -34 -31 -28 -28 -29 -28 -33 -33 -32 -31 -32 -33 -33 -33 -35 -33
DST2306*18PPX120   -33 -32 -27 -30 -31 -34 -33 -28 -28 -28 -28 -30 -29 -29 -30 -33 -41 -47 -50 -47 -44 -41 -38 -37 -35
DST2306*19PPX120   -36 -37 -32 -29 -23 -25 -26 -23 -19 -15 -15 -15 -14 -17 -19 -22 -24 -28 -32 -34 -32 -25 -29 -33 -25
DST2306*20PPX120   -33 -28 -25 -21 -20 -21 -23 -20 -18 -18 -16 -17 -20 -22 -24 -25 -26 -25 -24 -21 -18 -18 -21 -21 -22
DST2306*21PPX120   -17 -20 -24 -16 -16 -19 -19 -16 -12 -12 -10  -8  -7 -10 -13 -17 -20 -19 -17 -16 -14 -15 -22 -19 -16
DST2306*22PPX120   -20 -17 -15 -13 -12 -15 -16 -15 -17 -30 -26 -25 -22 -22 -25 -28 -31 -34 -38 -39 -35 -30 -29 -33 -24
DST2306*23PPX120   -34 -30 -25 -19 -18 -19 -20 -17 -17 -19 -15 -16 -18 -18 -23 -23 -20 -23 -28 -29 -27 -30 -29 -26 -23
DST2306*24PPX120   -25 -26 -26 -22 -20 -23 -35 -30 -26 -22 -21 -24 -25 -24 -25 -31 -28 -27 -25 -22 -18 -27 -29 -33 -26
DST2306*25PPX120   -51 -57 -41 -38 -34 -43 -41 -36 -31 -29 -28 -28 -29 -29 -28 -33 -37 -45 -44 -43 -36 -31 -31 -34 -37
DST2306*26PPX120   -34 -35 -34 -30 -28 -32 -29 -25 -22 -24 -26 -27 -25 -27 -28 -33 -37 -33 -28 -24 -25 -26 -22 -23 -28
DST2306*27PPX120   -24 -22 -28 -28 -27 -26 -25 -29 -23 -23 -17 -15 -20 -22 -22 -25 -26 -28 -28 -23 -16 -13 -18 -24 -23
DST2306*28PPX120   -27 -24 -21 -18 -21 -21 -16 -13 -14 -15 -15 -14 -13 -15 -16 -19 -18 -19 -20 -17 -17 -11  -9 -12 -17
DST2306*29PPX120   -12 -14 -15 -16 -21 -23 -21 -19 -21 -30 -34 -29 -32 -33 -35 -39 -35 -39 -42 -44 -41 -40 -39 -33 -29
DST2306*30PPX120   -32 -31 -24 -26 -25 -25 -25 -24 -25 -23 -21 -19 -20 -23 -19 -20 -27 -27 -27 -24 -20 -17 -15 -17 -23
DST2307*01RRX020    -8  -7  -8 -11  -8  -6  -6  -7  -7  -8  -8  -8  -9  -8  -8  -6  -9  -9  -5  -2  -2  -2   1   1  -6
DST2307*02RRX020     3   4   2  -2  -3  -1   1   0  -1  -2  -4  -5  -5  -4  -6  -5  -4  -4  -2  -2  -5  -8  -9  -7  -3
DST2307*03RRX020    -4   1   6   7   6   5   7  10  10   9  10   8   6   3   4   2   0   1   3   3   0   1   0  -1   4
DST2307*04RRX020    -1   0   3   2   1   1   2   0   3   3   4   4   3   5   3   3   3   5   7   4   5  11  12   9   4
DST2307*05RRX020     8   6   3   5   5   7   8  11  15  15  14  18  24  31  29  27  25  24  26  26  19  13  22  20  17
DST2307*06RRX020    14  15  10   9   7   6   5   7  10   9  13  -2   0   6   7   5   5   6   6   9   8   5   0  -7   6
DST2307*07RRX020   -10  -4  -1   2   1  -3  -8  -4  -9 -22 -26 -27 -24 -20 -28 -31 -30 -30 -31 -33 -28 -27 -32 -31 -19
DST2307*08RRX020   -31 -24 -18 -18 -17 -15 -18 -19 -12  -9  -9 -10 -11 -11 -11 -10  -6   0   4   6   3   1  -2  -1 -10
DST2307*09RRX020     0   1   0  -1  -2   1   1  -1   0  -1  -4  -6  -6  -5  -2  -2  -1   4   5   4   0  -3  -2   0  -1
DST2307*10RRX020    -1   0  -4  -4  -1   1   0  -1  -3  -4  -4  -3  -3  -3  -3   0   3   4   5   7   9  10   9   7   1
DST2307*11RRX020     9  10   8   4  -1  -4  -6  -7  -6   0   2   0   0  -3  -3   1   0  -2   2   1  -1   0   0   2   0
DST2307*12RRX020     2   4   7   6   3   0  -3  -2   1   3   4   2   0  -1  -2  -6  -7  -3   2   0  -3  -9  -8  -4  -1
DST2307*13RRX020     5   7  12  17  18  15  10   7   7   8   6   4  12  12  15  18  22  28  22  19  15  15  14  12  13
DST2307*14RRX020     7  -3  -3  -9 -21 -35 -43 -38 -30 -24 -18 -13 -10  -8 -10 -15 -12 -11 -21 -27 -26 -27 -34 -33 -19
DST2307*15RRX020   -26 -20 -16 -12 -14 -13 -11 -10  -8 -11  -9 -15 -16 -16 -21 -23 -23 -22 -20 -20 -23 -21 -23 -22 -17
DST2307*16RRX020   -20 -18 -16 -15 -16 -15 -15 -16 -16 -19 -18 -15 -12 -11 -12 -13 -14 -10  -7   2  -2 -16 -35 -53 -16
DST2307*17RRX020   -43 -30 -26 -27 -25 -17 -11 -18 -33 -38 -41 -48 -38 -39 -44 -48 -46 -41 -37 -37 -44 -45 -48 -39 -36
DST2307*18RRX020   -34 -33 -31 -31 -34 -32 -33 -32 -23 -19 -17 -13  -9 -11  -6  -4  -7  -7  -4  -2  -1  -3  -6  -9 -17
DST2307*19RRX020   -11 -15 -13 -10 -11 -14 -13  -9 -10  -8  -8  -4   0   1  -1  -1  -2  -9 -15 -13  -4  -5  -5  -5  -8
DST2307*20RRX020    -1   0   2   6   7   4   3   3   3   0   0  -1   1   5   7   5  10  23  11   1  -1   0  -2  -2   4
DST2307*21RRX020     2  16  11   2   3   6   1  -2   4   5   2   2   7   8   7   2   4   4   6   2  -2  -1  -6 -22   3
DST2307*22RRX020   -34 -26 -14 -16 -20 -20 -16 -14  -8 -14 -17 -16 -14 -11 -10 -10 -10  -8  -6  -6  -8 -13 -13 -14 -14
DST2307*23RRX020   -11  -9  -5  -5  -4  -3   0  -2  -7  -7  -5  -5  -4  -3  -2  -5  -5  -5  -6  -7 -10  -8 -10 -11  -6
DST2307*24RRX020   -14 -16 -12 -10  -9  -6  -5  -5  -5  -3  -3   0   0  -3  -4  -5  -5  -6  -6  -5  -4  -1   3   4  -5
DST2307*25RRX020     8  -7  -9  -8  -6  -3  -3  -5  -4  -4  -3  -2   0  -2  -6 -11 -16 -15 -10 -13 -20 -25  -7 -12  -8
DST2307*26RRX020   -17 -11  -5 -13 -23 -23 -37 -44 -52 -47 -48 -39 -35 -36 -35 -38 -39 -44 -33 -25 -25 -26 -16 -15 -30
DST2307*27RRX020   -24 -21 -18 -16 -15 -11 -10  -8 -10  -6  -8  -2   2   6   8   6   4   1  -5  -9 -10  -7  -7 -10  -7
DST2307*28RRX020   -13 -12  -6  -4  -4  -5  -1   2   3   4   4   7  11   9   6   6   5   8  13  10   3  -1  -6 -12   1
DST2307*29RRX020   -11 -14 -17 -16 -17 -15  -8  -4  -2  -3  -1   2   3  -2  -5  -2   2  -2  -4  -2  -3  -5 -10 -10  -6
DST2307*30RRX020    -9  -8  -6  -3  -5 -12 -15 -15 -16 -17 -13 -13 -13 -12 -13 -14 -16 -17 -17 -19 -20 -19 -17 -13 -13
DST2307*31RRX020   -14 -15 -14 -13 -12  -9 -14 -18 -15 -13 -14 -17 -22 -20 -15 -16 -20 -18 -14 -15 -23 -30 -29 -24 -17
DST2308*01RRX020   -12 -11  -9  -5  -2  -4  -4   1   6   9  10  17  16  20  24  22  20  15   9  14  13  11   6   5   7
DST2308*02RRX020    10  15  21  22  22  12   4  -3  -9 -17 -26 -27 -32 -39 -45 -44 -39 -34 -28 -29 -31 -32 -30 -24 -16
DST2308*03RRX020   -20 -19 -15  -8  -6  -4  -4  -5  -7  -8 -12 -10 -13 -13 -14 -10  -7   0   3   1  -2  -3  -6  -6  -8
DST2308*04RRX020    -5  -7  -4  -1   0   0  -3   1   8   5   4   2   2  15  22  22  21  19  -2  -3  -6 -17 -22 -11   2
DST2308*05RRX020   -33 -53 -39 -33 -70 -89 -93 -79 -63 -63 -66 -78 -75 -71 -65 -67 -69 -63 -58 -52 -48 -45 -40 -39 -60
DST2308*06RRX020   -37 -37 -38 -37 -36 -35 -33 -33 -32 -32 -32 -30 -26 -24 -23 -22 -22 -17 -16 -14 -14 -15 -16 -15 -27
DST2308*07RRX020   -14 -12 -23 -34 -40 -39 -38 -36 -33 -31 -28 -22 -14 -10 -10 -13 -13 -12 -10 -15 -22 -24 -21 -20 -22
DST2308*08RRX020   -28 -31 -31 -31 -30 -29 -30 -29 -26 -23 -20 -20 -21 -18 -16 -13 -12  -9  -9  -6  -2  -2  -5  -7 -19
DST2308*09RRX020   -10 -14 -12  -4  -2  -5  -9  -9 -14  -8  -6  -3  -2  -1  -3  -2   2   4   4  -1  -1  -1  -5  -4  -4
DST2308*10RRX020    -3  -9 -11  -9 -11 -11  -8  -9 -14 -14 -16 -17 -13  -7  -2  -1   2  -1  -1  -5  -3  -5  -1   0  -7
DST2308*11RRX020     0  -3  -2   2   5   5   7   1  -2  -3   1   2   3   4   4   6   7   7   7   8   7   8   7   5   4
DST2308*12RRX020     2   2   3   1  -1   1   2   2   4   3   1  -2  -2   1   2   3   0   0   3   3  -3  -4  -3  -1   1
DST2308*13RRX020    -1  -1   4   6   3  -1  -1   3   3   3   3   3   5   5   4   6   6   9  10   9  10   8   8   8   5
DST2308*14RRX020     7   9  12  14  10   9   8  10  14  14  13   9   6   4   3   2   3   2   2   0  -1   2   5   6   7
DST2308*15RRX020     8   7  11  13  14  14  13  14  13  13  12  13  14  14  16  16  13  14  12   7   3   1   0  -1  11
DST2308*16RRX020     3   4   7  12  13  11   8  11  12  12  12  11  11  11   2  -8 -18 -21 -21 -19 -18 -12  -4  -1   1
DST2308*17RRX020     1   2   5   3  -1  -2  -6  -6  -5   2   5   4   2   2   0   4  13  16  17  20  22  23  26  36   8
DST2308*18RRX020    32  32  26  15   8   7  -3  -9  -2  -2  -8  -3   0   4   3   2   3   2   4   2  -3  -4  -6  -5   4
DST2308*19RRX020    -3   0   3   1  -1   2   0   0   2   3   5   7   9  11  14  15  17  18  17  16  -1  -2  -1   0   6
DST2308*20RRX020     0  -4  -9  -8  -1   3   4   4   6   8   1  -1  -2  -1  -2  -2   0   4   6   6   6   7   6   6   2
DST2308*21RRX020     5   6   8   9   5   5   8   9   6   6  12  10   1   0  -1  -2  -1   0   0   1   8  10  10   6   5
DST2308*22RRX020     3   6   3   0  -5  -5  -8  -9  -9  -9  -8  -7  -9  -8 -11 -11  -6  -1   1   1   1  -2  -3   1  -4
DST2308*23RRX020     3   4   6  10  12  11   9   9  10  12  12  12  11   9   9   9   7   6   8  10  12  13  15  17  10
DST2308*24RRX020    15  14  15  18  17  16  13  12  16  15  13  10   8  12  13   4   0   6   8   1  -6  -9  -5   0   9
DST2308*25RRX020     4   5   4   2   1   0   0   1   3   4   5   4   0  -4  -7  -7  -4  -3  -3  -2  -1  -1  -2  -3   0
DST2308*26RRX020     0   1   6   6   1   3  -2  -4   1   3   5   2  -2   0  -3  -7  -9  -5  -4  -3   2   8  10   6   1
DST2308*27RRX020     7   2  -3  -6  -6 -10 -10 -15 -11  -4  -1   1   2   4   4   3   0  -1  -3  -3  -3  -2  -1   1  -2
DST2308*28RRX020     2   1   1  -3  -8  -8  -9  -6  -7  -2  -3  -7 -12 -12 -10  -6  -3  -2   0  -3  -1   0   3   5  -4
DST2308*29RRX020     9  11  14  16  12  10  10  12  16  18  17   3  -8  -5  -3  -1   1   1   2   4   3   4   2  -2   6
DST2308*30RRX020    -4  -4   0   3   2   1   0   1   7   7   5  -3 -11 -12  -9  -6  -4   0   3   1   3   6   6   5   0
DST2308*31RRX020   -23 -20 -17 -18 -19 -21 -31 -35 -27 -21 -15 -13 -10  -9 -10 -12 -11  -9 -12 -15 -15 -13 -15 -20 -17
DST2309*01RRX020     4   2   2   2   4  -3  -8  -8  -9  -7  -2  -2  -8 -16 -17 -19 -12  -7  -7 -12  -9 -12  -9  -5  -7
DST2309*02RRX020    -6  -4  -2  -6  -5 -21 -26 -28 -43 -61 -60 -57 -61 -50 -55 -62 -54 -43 -39 -42 -49 -45 -40 -33 -37
DST2309*03RRX020   -41 -38 -20 -12 -14 -22 -32 -22 -29 -31 -27 -23 -29 -29 -30 -35 -32 -26 -24 -23 -23 -22 -26 -29 -27
DST2309*04RRX020   -34 -34 -30 -24 -22 -21 -16 -14 -13  -9  -9 -10 -14 -18 -20 -17 -17 -18 -13 -11 -13 -14 -15 -15 -18
DST2309*05RRX020   -13  -9  -4  -4  -2  -1  -1  -2   2   3   3   5   2  -1  -2   3   5   0  -3 -12 -10  -9 -10  -9  -3
DST2309*06RRX020    -7  -6  -9  -7  -2  -2  -3  -5  -2  -1   0  -2  -5 -12 -13  -7  -2  -1  -5  -8  -7  -5  -2  -3  -5
DST2309*07RRX020    -4  -9  -9  -5  -2  -1  -1   3   3   4   5   1   0  -3  -2  -4  -4   1   1  -1  -3  -6  -8 -10  -2
DST2309*08RRX020   -10  -8  -3  -1   4   4   4   3   2   2   3   3   4   7   9  10  10   1   1   4   7   7   6   6   3
DST2309*09RRX020     2  -4  -5  -4  -6  -5  -2  -2  -2  -8  -6  -2  -2  -7  -9  -6  -6  -4  -1   3   3   1   3   2  -3
DST2309*10RRX020     3   2   3   3   4   4   3   4   5   7   6   4   3   0  -2  -1  -3   0   2   2   3   4   4   6   3
DST2309*11RRX020    10  18  19  19  18  18  19  17  16  13  13  12  12  14  12   9   9  10   9   6   4   3   4  10  12
DST2309*12RRX020    13  17  15  14  14  13  15  19  20  21  19  22  31  27  11 -19 -36 -55 -55 -60 -68 -75 -82 -74 -11
DST2309*13RRX020   -67 -62 -59 -50 -51 -45 -42 -31 -30 -24 -26 -36 -36 -37 -39 -38 -36 -30 -28 -31 -36 -41 -41 -40 -40
DST2309*14RRX020   -37 -27 -28 -21 -17 -20 -16 -10 -11  -3  -7 -10  -9 -10  -7  -2   1  -1 -18 -26 -24 -34 -27 -25 -16
DST2309*15RRX020   -27 -24 -22 -22 -20 -16 -14 -11 -10  -9  -9 -10  -8  -9 -10 -10 -12 -17 -15 -11 -11 -17 -16 -17 -14
DST2309*16RRX020   -16 -11  -9  -5  -4  -4  -4  -3  -4  -1   0   1   1   1   1   2   5   1  -6 -11 -15 -21 -23 -21  -6
DST2309*17RRX020   -13  -6   6  -1  -4   1   4   5  -2  -6  -8  -6  -6 -10  -8  -6  -2   0   3   4  -2  -3   4   6  -2
DST2309*18RRX020     6   2  -3 -10 -18 -23 -22 -20 -16 -15 -17 -15 -15   1   9   6   0 -28 -60 -73 -70 -57 -51 -52 -23
DST2309*19RRX020   -51 -58 -85 -75 -80 -77 -69 -69 -65 -55 -54 -57 -66 -66 -65 -67 -59 -47 -48 -44 -42 -45 -41 -37 -59
DST2309*20RRX020   -42 -39 -37 -33 -29 -28 -27 -26 -26 -20 -24 -30 -25 -21 -19 -17 -17 -17 -13 -14 -12 -14 -12 -20 -23
DST2309*21RRX020   -15  -9  -9  -6  -7  -6 -10 -12  -9  -9 -10  -9 -12 -16 -23 -22 -17 -16 -16 -22 -26 -29 -27 -22 -15
DST2309*22RRX020   -22 -20 -20 -18 -15 -12 -12 -12  -5  -7 -11 -11 -15 -15 -17 -18 -15 -15 -15 -17 -16 -16 -16 -17 -15
DST2309*23RRX020   -16 -15 -15 -11 -11 -15 -19 -12 -13 -21 -26 -21 -20 -20 -18 -19 -16 -12 -13 -19 -17 -20 -21 -21 -17
DST2309*24RRX020   -22 -22 -20 -19 -19 -24 -26 -24 -25 -25 -17 -16 -17 -17 -15 -14 -13 -11  -7  -8   0   5 -23 -45 -18
DST2309*25RRX020   -51 -50 -69 -53 -43 -51 -34 -27 -33 -24 -28 -19   0   0   0  -8  -5  -5  -7 -10 -15 -13 -14 -19 -24
DST2309*26RRX020   -22 -22 -20 -24 -24 -30 -41 -39 -47 -47 -53 -56 -58 -53 -45 -46 -42 -44 -45 -45 -40 -35 -30 -28 -39
DST2309*27RRX020   -18 -13 -11 -11 -16 -15  -4 -14 -16  -5   2  -9 -11   1   9  10   9  -2 -16 -17 -18 -17 -14 -14  -9
DST2309*28RRX020   -18 -23 -24 -26 -26 -22 -21 -20 -20 -19 -22 -17 -15 -14 -13 -10  -8  -6  -5  -5  -4   0   1  -1 -14
DST2309*29RRX020    -4  -2  -4 -11 -19 -25 -32 -40 -44 -43 -47 -39 -35 -21 -17 -16 -13 -13 -12 -15 -17 -14 -10  -6 -21
DST2309*30RRX020    -5  -5  -4  -7  -8 -10 -16 -21 -26 -30 -26 -25 -20 -22 -24 -23 -20 -20 -22 -24 -27 -28 -28 -33 -20
DST2310*01RRX020   -45 -36 -30 -32 -29 -25 -22 -24 -19 -19 -21 -25 -32 -33 -29 -25 -23 -20 -18 -17 -22 -21 -19 -17 -25
DST2310*02RRX020   -19 -22 -27 -22 -23 -26 -27 -28 -25 -26 -24 -21 -16 -13 -16 -14 -13 -16 -15 -18 -18 -17 -17 -11 -20
DST2310*03RRX020    -8  -7  -9 -12 -13 -13 -13 -12  -9  -9 -13 -18 -12 -16 -24 -30 -33 -38 -36 -29 -30 -27 -25 -25 -19
DST2310*04RRX020   -21 -20 -17 -19 -19 -23 -22 -21 -23 -18 -18 -27 -32 -34 -29 -26 -20 -18 -17 -16 -15 -21 -27 -22 -22
DST2310*05RRX020   -16 -20 -36 -48 -42 -37 -39 -35 -31 -36 -37 -29 -26 -29 -29 -24 -22 -20 -18 -17 -21 -19 -14 -10 -27
DST2310*06RRX020    -7  -6 -11 -17 -17 -13  -9  -4  -3  -1  -2 -10  -8  -8  -8 -10 -12 -12 -11  -9 -11  -6   2  -1  -8
DST2310*07RRX020    -1  -5  -8 -15 -17 -13  -5   0   5   3   1  -2  -1  -3  -7  -8  -8  -7  -5  -5  -9  -9 -12 -16  -6
DST2310*08RRX020   -20 -24 -28 -31 -30 -26 -23 -21 -19 -21 -20 -17 -12  -9  -8  -3  -4  -7  -6  -3  -3   1   6   7 -13
DST2310*09RRX020     9  11   8   7   7   6   7   4   5  -3 -13 -21 -23 -23 -20 -25 -27 -27 -28 -21 -20 -15 -14 -14 -10
DST2310*10RRX020   -11 -13 -13 -12 -10 -10  -4   0  -5  -7  -7 -10 -10 -11 -10  -6  -2  -1  -2  -4  -5  -2  -2  -2  -7
DST2310*11RRX020    -1  -1   1   2  -1  -1   1   4   4   3   1   1   3   3   3   0  -3  -2   0  -1  -2  -1   2   3   1
DST2310*12RRX020     4   5   3  -1   0   2   3   5   7  10  10   5   4   4   5   8   9   8  10  14  15  14  14  14   7
DST2310*13RRX020    15  16  18  18  16   8   4   9  19  14  15  12   7  -1   8  11   3  10   1   0   2  -4  -7 -10   8
DST2310*14RRX020    -7  -4  -5  -9 -12 -11  -9 -10  -8 -12  -9 -10  -7  -4  -2  -1   1   1  -1  -3  -1   2   4   5  -5
DST2310*15RRX020     2   0   0   1  -1   0  -1  -1   2   3   1  -2   0   2   2   0   0  -2  -4  -3  -5  -2   1  -1   0
DST2310*16RRX020     1   3   4   3   1   0   0  -2  -3  -5  -5  -2   0   2   4   7   6   4   2   2   2   4   3   2   1
DST2310*17RRX020     2   2   1   1   4   7   7   5   3   2   2   3   5   6   8   9   9   8   8   8   7   8   7  10   6
DST2310*18RRX020    11  10   8  12  21  21  17  17  20  20  12  14   2 -14  -9 -11 -17 -15 -18 -23 -30 -29 -28 -25  -1
DST2310*19RRX020   -22 -25 -30 -32 -32 -31 -31 -32 -36 -38 -29 -29 -29 -29 -31 -30 -31 -30 -26 -19 -19 -17 -13  -8 -27
DST2310*20RRX020    -5  -7 -10 -10 -12 -10  -6  -8  -9  -5  -4   2   4   4   1  -1  -1  -2  -4  -9 -22 -28 -35 -42  -9
DST2310*21RRX020   -47 -53 -57 -60 -66 -76 -81 -88 -84 -77 -70 -70 -65 -59 -55 -52 -52 -44 -40 -38 -37 -31 -29 -31 -57
DST2310*22RRX020   -31 -34 -40 -40 -33 -26 -25 -28 -31 -31 -33 -31 -27 -24 -22 -25 -26 -24 -20 -23 -29 -25 -17 -16 -28
DST2310*23RRX020   -17 -18 -16 -14 -14 -13 -12 -11 -12 -13 -12 -11 -10  -9  -9  -8  -7  -4  -3  -3  -3  -2  -3  -3  -9
DST2310*24RRX020    -5  -4  -5  -5  -5  -6  -5  -6  -7  -5  -3   0  -2  -4  -5  -5  -3  -1  -5  -8  -8  -3  -2   0  -4
DST2310*25RRX020     2   1   1   2   0   2   1  -1  -3  -6  -6  -5  -1   1   2   2   5   0   0   3   0   0  -3  -3   0
DST2310*26RRX020    -5  -9  -8  -5   1  -1   2   4   1 -10 -25 -40 -36 -25 -33 -36 -34 -33 -33 -38 -36 -46 -37 -33 -21
DST2310*27RRX020   -33 -38 -47 -46 -43 -40 -48 -49 -45 -44 -43 -40 -34 -29 -28 -29 -29 -26 -24 -20 -18 -12  -9 -10 -33
DST2310*28RRX020   -10 -11 -10 -10  -7  -8 -22 -28 -33 -48 -57 -60 -57 -44 -38 -45 -44 -46 -40 -42 -38 -32 -23 -27 -33
DST2310*29RRX020   -42 -44 -34 -34 -47 -54 -47 -41 -54 -55 -58 -52 -41 -39 -35 -37 -34 -30 -27 -33 -34 -27 -28 -28 -40
DST2310*30RRX020   -32 -37 -40 -37 -31 -28 -26 -28 -30 -32 -31 -33 -29 -28 -25 -19 -15 -17 -20 -18 -20 -19 -17 -14 -26
DST2310*31RRX020   -12 -14 -18 -17 -15 -12 -13 -15 -16 -21 -28 -31 -22 -20 -17 -19 -18 -17 -17 -19 -24 -19 -16 -16 -18
DST2311*01RRX020   -19 -20 -16 -17 -18 -14 -12 -18 -25 -25 -20 -14 -15 -14 -16 -15 -15 -13 -14 -14 -12  -9  -7  -7 -15
DST2311*02RRX020    -7  -6  -7 -14 -14 -10  -6 -10 -11 -10 -11 -12 -11 -13 -14 -16 -13 -14 -12  -8 -11  -8  -5  -5 -10
DST2311*03RRX020    -5  -6  -6  -7  -8  -5  -5  -8  -8  -9  -9 -10  -8  -7  -4  -2   0   0  -1   0  -1   1   1  -1  -5
DST2311*04RRX020     0  -2  -5  -7  -8  -5  -4  -6 -10 -10  -9  -9  -5   0   7   9   6  14  -6 -29 -39 -39 -38 -58 -11
DST2311*05RRX020   -46 -36 -30 -32 -32 -26 -22 -30 -32 -11 -53 -90 -83 -54 -50 -83 -145 -160 -164 -172 -158 -165 -160 -143 -82
DST2311*06RRX020  -127 -120 -120 -128 -124 -112 -112 -112 -110 -120 -117 -104 -96 -88 -80 -76 -71 -75 -78 -73 -70 -68 -63 -66 -96
DST2311*07RRX020   -70 -69 -68 -69 -69 -71 -66 -64 -62 -60 -59 -56 -51 -49 -46 -46 -44 -46 -49 -45 -41 -38 -36 -30 -54
DST2311*08RRX020   -26 -28 -33 -38 -43 -39 -36 -39 -39 -49 -43 -36 -34 -33 -32 -33 -35 -36 -33 -38 -44 -37 -34 -33 -36
DST2311*09RRX020   -33 -35 -37 -40 -39 -38 -37 -39 -41 -41 -38 -34 -27 -25 -26 -29 -30 -35 -30 -26 -22 -17 -15 -14 -31
DST2311*10RRX020   -18 -19 -22 -29 -34 -33 -30 -29 -33 -35 -30 -26 -23 -24 -25 -26 -26 -26 -24 -25 -24 -17 -16 -16 -25
DST2311*11RRX020   -15 -18 -19 -21 -23 -22 -19 -20 -20 -22 -21 -20 -19 -18 -20 -20 -20 -22 -22 -19 -18 -10  -7  -7 -18
DST2311*12RRX020    -6  -7  -9 -12 -13 -11   0 -11 -13 -14 -11 -10 -12 -11 -13 -12 -12 -15 -11  -8 -11  -2   8  13  -8
DST2311*13RRX020    -6 -25 -42 -40 -32 -28 -29 -30 -30 -23 -17 -12   0  -9 -13 -20 -23 -16 -15 -17 -15 -11 -10  -9 -20
DST2311*14RRX020    -5  -7  -6  -6 -11 -10  -4  -2  -1   0  -1  -2  -5  -5 -12 -12 -10 -12 -17 -16 -18 -12 -10 -13  -8
DST2311*15RRX020   -12  -9  -7  -9 -12 -13 -16 -22 -23 -22 -20 -17 -16 -18 -19 -16 -17 -21 -24 -25 -22 -23 -22 -19 -18
DST2311*16RRX020   -20 -19 -16 -17 -20 -17 -17 -26 -30 -31 -28 -25 -24 -25 -27 -25 -21 -21 -19 -19 -18 -16 -14  -9 -21
DST2311*17RRX020    -7  -7  -8 -12 -12 -10  -9 -13 -15 -18 -16 -12  -8  -7 -10 -18 -22 -23 -20 -18 -16 -12 -10  -8 -13
DST2311*18RRX020    -4  -2  -1  -2  -2   1   4   3  -2  -3  -1   0   0  -1  -3  -4  -6  -6  -2   0  -1  -2  -2   0  -2
DST2311*19RRX020     0   0   0   0   1   4   3   2   0   1   1   3   3   5   7   5   1  -3  -2   2  -1   0   2   6   2
DST2311*20RRX020    10  10   7   4   2   1   4   3   5   5   8  15  15  10   4   7   6   3   4   6   5   7  12  17   7
DST2311*21RRX020    20  15  12  11   8   3   5   1  -8 -16  -7  -2   1  -9 -31 -42 -42 -34 -27 -20 -23 -32 -30 -42 -12
DST2311*22RRX020   -33 -38 -41 -47 -50 -59 -63 -65 -57 -56 -50 -50 -45 -41 -39 -40 -35 -36 -41 -42 -49 -41 -38 -37 -46
DST2311*23RRX020   -36 -33 -30 -35 -37 -35 -36 -36 -35 -36 -33 -30 -25 -24 -27 -29 -30 -29 -26 -21 -22 -17 -15 -13 -29
DST2311*24RRX020   -14 -18 -23 -28 -31 -31 -27 -26 -26 -24 -18 -13 -14 -16 -17 -22 -25 -28 -24 -22 -24 -24 -14 -12 -22
DST2311*25RRX020   -18 -19 -24 -26 -27 -26 -24 -27 -29 -33 -51 -47 -58 -53 -65 -72 -64 -75 -92 -99 -86 -82 -86 -81 -53
DST2311*26RRX020   -77 -71 -69 -68 -67 -66 -66 -69 -59 -58 -58 -52 -48 -50 -49 -48 -48 -47 -44 -42 -39 -33 -29 -25 -53
DST2311*27RRX020   -24 -25 -29 -33 -38 -37 -35 -36 -35 -35 -34 -27 -25 -29 -29 -28 -28 -25 -23 -21 -26 -27 -21 -21 -29
DST2311*28RRX020   -17 -19 -19 -23 -26 -27 -23 -19 -18 -22 -23 -22 -20 -21 -27 -26 -26 -26 -25 -23 -22 -18 -16 -16 -22
DST2311*29RRX020   -14 -13 -13 -17 -20 -18 -21 -23 -21 -23 -22 -20 -16 -18 -20 -20 -19 -17 -14 -12 -13 -11 -10 -10 -17
DST2311*30RRX020    -7  -6 -10 -15 -18 -12 -10 -14 -16 -14 -12 -12 -13 -18 -18 -18 -17 -18 -17 -15 -14 -13 -13 -12 -14
DST2312*01RRX020     6   7   2  -7  -9 -10 -25 -39 -33 -15 -17 -83 -107 -108 -95 -87 -88 -93 -82 -78 -61 -79 -90 -91 -53
DST2312*02RRX020   -99 -100 -97 -93 -90 -85 -79 -75 -73 -70 -68 -67 -67 -65 -61 -57 -52 -52 -51 -51 -47 -38 -35 -33 -67
DST2312*03RRX020   -36 -34 -33 -26 -40 -40 -40 -39 -37 -35 -33 -35 -41 -31 -29 -23  -7 -17 -21 -33 -37 -33 -32 -33 -32
DST2312*04RRX020   -30 -27 -27 -26 -31 -23 -17  -6 -21 -16 -10 -21 -24 -23 -24 -21 -17 -13 -14 -16 -14 -11  -8  -9 -19
DST2312*05RRX020    -6  -6 -11  -8  -7 -16 -18 -14 -18 -16 -13 -26 -36 -32 -25 -22 -18 -20 -20 -23 -23 -21 -27 -30 -19
DST2312*06RRX020   -28 -23 -22 -22 -23 -24 -21 -16 -16 -20 -21 -19 -20 -23 -22 -17 -16 -16 -14 -13 -13 -12 -14 -18 -19
DST2312*07RRX020   -16 -13 -11 -12 -11 -11  -9  -8  -9  -9 -10  -9  -8  -9  -9  -7   2  -4  -6 -12 -12  -8  -3  -5  -9
DST2312*08RRX020    -7  -7  -7  -6  -5  -3  -2  -3  -4  -2  -1   0  -2  -5  -4  -3  -3  -5  -6  -6 -10 -10  -8  -8  -5
DST2312*09RRX020   -11 -10  -8  -6  -6  -4  -3  -2  -6  -6  -4  -3  -5  -8  -6  -6  -8  -9 -10  -8  -6  -4  -4  -5  -6
DST2312*10RRX020    -7  -8  -6  -7  -8  -6  -5  -7  -4  -3  -4  -4  -3  -4  -7  -6  -3  -4  -5  -4  -4  -3  -2  -3  -5
DST2312*11RRX020    -3  -4  -3  -4  -4  -5  -4  -4  -5  -5  -4  -3  -3   0   0   0   1   2   3   3   4   7   9  10  -1
DST2312*12RRX020    10  10  10   7   0  -4  -2   1   6   9   9  13  15   4  -2  -6  -7 -12 -20 -23 -19 -15 -12 -10  -2
DST2312*13RRX020    -6  -2   1  -1  -6  -5  -5  -8 -16 -21 -20 -15 -14 -16 -17 -18 -19 -19 -17 -18 -18 -16 -14 -15 -13
DST2312*14RRX020   -26 -34 -40 -46 -53 -56 -60 -66 -74 -78 -74 -51 -47 -42 -41 -43 -44 -39 -35 -36 -39 -40 -35 -33 -47
DST2312*15RRX020   -32 -33 -32 -28 -25 -25 -26 -24 -26 -29 -24 -17  -6  -5  -3  -7 -12  -3  -5 -13 -18 -22 -16 -12 -18
DST2312*16RRX020   -24 -32 -28 -30 -22 -25 -19 -14 -16 -15 -12  -9  -9  -4  -3   1   3   8  10   5  -8 -17 -27 -35 -13
DST2312*17RRX020   -33 -30 -34 -35 -31 -35 -41 -35 -38 -32 -32 -45 -52 -45 -42 -56 -76 -58 -49 -47 -47 -39 -47 -38 -42
DST2312*18RRX020   -32 -27 -22 -25 -26 -20 -16 -46 -68 -58 -43 -46 -57 -56 -47 -39 -31 -28 -20 -20 -20 -27 -29 -27 -35
DST2312*19RRX020   -31 -36 -37 -43 -42 -34 -32 -30 -30 -31 -31 -27 -24 -24 -23 -24 -25 -22 -17 -18 -17 -18 -19 -22 -27
DST2312*20RRX020   -31 -33 -33 -31 -30 -29 -27 -25 -23 -24 -23 -20 -20 -22 -24 -27 -25 -21 -17 -21 -22 -21 -21 -23 -25
DST2312*21RRX020   -28 -29 -27 -23 -22 -22 -18 -16 -16 -20 -23 -17 -16 -17 -17 -16 -13 -11 -12 -13 -13 -14 -14 -15 -18
DST2312*22RRX020   -15 -17 -16 -13 -12 -10  -8  -5  -2  -3  -4  -4  -5  -3  -3  -3  -2  -3  -2  -3  -2  -9 -12 -10  -7
DST2312*23RRX020   -10  -7  -7  -2   2   6   5   3  -3   0   1   1   0  -5 -13 -17 -11  -2  -1  -1   3   5   5   3  -2
DST2312*24RRX020     2  -1  -4 -11 -15 -14 -16 -14 -11 -13 -14 -22 -20 -15 -12 -12 -11  -7  -3  -1   1   1   0   0  -9
DST2312*25RRX020    -1  -5  -6  -3   3   5   8   8   5   4   6   5   4   2   0   2   6   8   2  -2   1   7   9   7   3
DST2312*26RRX020     5   3   2   6   3   5   7   8   7   9   9  11  12  14  14  14  12   9   7   6   6   7   8   7   8
DST2312*27RRX020     2   4   5   2  -2  -2   1   4   6   6   3   2   5   4   6   7   7   8  10   9  10  10  10   8   5
DST2312*28RRX020     8   9   8   8   8   7   8  10  11   9   6   5   6   7   7   8   9   9   8   7   7   9  12  12   8
DST2312*29RRX020    21  19  14  12  16  18  20  16  13  11  14  13  12  10   9  12  13  12  13  12  11  19  15  14  14
DST2312*30RRX020    16  18  13  17  14  13  15  14  14  11  10   8   5   4   5   8   7   9  13  11   6  10  11   8  11
DST2312*31RRX020     6   7   7   6   8   6   6   5   7   8   6   5   8   4   2   2   2   4   2   0   1   2   2   3   5
